TASMANIAN SG 4.0
WARNING: do not edit this manually
localpolynomial
2 1 1 3
localp
1 2 29 0 0 0 1 0 2 0 3 0 4 0 5 0 6 0 7 0 8 1 0 1 1 1 2 1 3 1 4 2 0 2 1 2 2 2 3 2 4 3 0 3 1 3 2 4 0 4 1 4 2 5 0 6 0 7 0 8 0
1  -4.03555249587378114e+02 -1.30043692051259541e+00 3.80389890152059706e-01 2.77333429122847974e-01 3.55907908912627136e-02 1.39940900909948596e-01 2.80793609144893708e-02 1.18805744553469594e-02 6.23840639417494458e-03 -1.30043691781196458e+00 -7.80693621250634351e-01 1.62527950580056313e-01 2.11392574849753601e-01 1.35627786829104480e-02 3.80332411054553177e-01 1.62527951339427545e-01 -2.47677490366982056e-02 -4.90384051836656454e-02 -2.85688489967128589e-03 2.77333430581791163e-01 2.11392574759969420e-01 -4.90384050494583335e-02 3.54840377602272383e-02 1.35627783176062167e-02 -2.85688481883994427e-03 1.39940900962187698e-01 2.80793519224857846e-02 1.18244439498198517e-02 6.23979813838104747e-03
0
0
1 0
0 4 5 6 8 10 10 10 10 10 13 14 15 15 15 18 19 20 20 20 24 24 24 28 28 28 28 28 28 28
9 14 1 2 3 4 5 6 7 8 19 10 11 12 13 22 15 16 17 18 25 26 20 21 27 28 23 24
1 29 1 -4.03555249587378114e+02 -4.04855686507890709e+02 -4.03174859697226054e+02 -4.03928134618511535e+02 -4.03329463851410821e+02 -4.04251969662291174e+02 -4.03713612742030364e+02 -4.03430476144939178e+02 -4.03245923367924206e+02 -4.04855686505190079e+02 -4.06936817046953308e+02 -4.04312768664457963e+02 -4.05407525772099120e+02 -4.04535074015249847e+02 -4.03174917176323561e+02 -4.04312826145496729e+02 -4.02819295035208199e+02 -4.03515576636970991e+02 -4.02964372199774289e+02 -4.03928134615702277e+02 -4.05407525772080248e+02 -4.03515519155309676e+02 -4.03329599344090582e+02 -4.04535209510615914e+02 -4.02964450213275711e+02 -4.04251969659483962e+02 -4.03713612749617710e+02 -4.03430600021784528e+02 -4.03246018462068719e+02
custom
2.00000000000000011e-01 3.00000000000000000e+00
2.00000000000000011e-01 3.00000000000000000e+00
TASMANIAN SG end
