TASMANIAN SG 4.0
WARNING: do not edit this manually
localpolynomial
2 1 1 3
localp
1 2 29 0 0 0 1 0 2 0 3 0 4 0 5 0 6 0 7 0 8 1 0 1 1 1 2 1 3 1 4 2 0 2 1 2 2 2 3 2 4 3 0 3 1 3 2 4 0 4 1 4 2 5 0 6 0 7 0 8 0
1  -6.10853765718220757e+02 -3.19001679110556324e-01 1.01872500592435244e-01 6.45446098294542026e-02 8.99013563559947215e-03 2.94930054396900232e-02 6.87219552753504104e-03 2.79158412809010770e-03 1.68268272909699590e-03 -3.19001677742789980e-01 -1.68207560500150066e-01 4.16169889333559695e-02 3.66030897170048775e-02 3.92252971857942612e-03 1.01847845164684259e-01 4.16169890538640175e-02 -7.78115653952227149e-03 -1.20003736232092706e-02 -9.70616739778051851e-04 6.45446105345399701e-02 3.66030897013160939e-02 -1.20003736008129636e-02 8.97394828791675536e-03 3.92252975802875881e-03 -9.70616725794570812e-04 2.94930054508313333e-02 6.87219435030783643e-03 2.78978092558190838e-03 1.67925439188820746e-03
0
0
1 0
0 4 5 6 8 10 10 10 10 10 13 14 15 15 15 18 19 20 20 20 24 24 24 28 28 28 28 28 28 28
9 14 1 2 3 4 5 6 7 8 19 10 11 12 13 22 15 16 17 18 25 26 20 21 27 28 23 24
1 29 1 -6.10853765718220757e+02 -6.11172767397331313e+02 -6.10751893217628322e+02 -6.10948721947946524e+02 -6.10793839332288940e+02 -6.11031251667199285e+02 -6.10894371637556105e+02 -6.10821010941126815e+02 -6.10771183592229477e+02 -6.11172767395963547e+02 -6.11659976635574253e+02 -6.11029277906437756e+02 -6.11315224316222384e+02 -6.11088109985846472e+02 -6.10751917873056072e+02 -6.11029302563112765e+02 -6.10657826529003160e+02 -6.10838065981878117e+02 -6.10696852682133795e+02 -6.10948721946557612e+02 -6.11315224316216927e+02 -6.10838041325099312e+02 -6.10793867847350498e+02 -6.11088138502176093e+02 -6.10696856541753618e+02 -6.11031251665809805e+02 -6.10894371638038820e+02 -6.10821027001859989e+02 -6.10771213605811454e+02
custom
2.00000000000000011e-01 3.00000000000000000e+00
2.00000000000000011e-01 3.00000000000000000e+00
TASMANIAN SG end
