TASMANIAN SG 4.0
WARNING: do not edit this manually
localpolynomial
2 1 1 3
localp
1 2 29 0 0 0 1 0 2 0 3 0 4 0 5 0 6 0 7 0 8 1 0 1 1 1 2 1 3 1 4 2 0 2 1 2 2 2 3 2 4 3 0 3 1 3 2 4 0 4 1 4 2 5 0 6 0 7 0 8 0
1  -2.45469127662967963e+02 -2.07925981699190743e+00 5.88112538708401189e-01 4.46977460164674767e-01 5.55076907052409751e-02 2.35154469808009026e-01 4.53008061787443239e-02 1.90779668287461845e-02 9.60904940561135845e-03 -2.07925981542862814e+00 -1.29477806442770316e+00 2.57903260794165590e-01 3.79268717822526469e-01 2.06580489793992683e-02 5.88043536679407453e-01 2.57903262289175927e-01 -3.52589799736051646e-02 -7.47433162225661363e-02 -3.53024739018792388e-03 4.46977461134594023e-01 3.79268717661275900e-01 -7.47433159784094414e-02 5.53367514458216192e-02 2.06580481388840553e-02 -3.53024727469630761e-03 2.35154469896002638e-01 4.53007886416685324e-02 1.89359310980137252e-02 9.62275889111197102e-03
0
0
1 0
0 4 5 6 8 10 10 10 10 10 13 14 15 15 15 18 19 20 20 20 24 24 24 28 28 28 28 28 28 28
9 14 1 2 3 4 5 6 7 8 19 10 11 12 13 22 15 16 17 18 25 26 20 21 27 28 23 24
1 29 1 -2.45469127662967963e+02 -2.47548387479959871e+02 -2.44881015124259562e+02 -2.46061780111299242e+02 -2.45119563702908522e+02 -2.46569929325821533e+02 -2.45720153080954844e+02 -2.45275267716109482e+02 -2.44990680364178445e+02 -2.47548387478396592e+02 -2.50922425359816202e+02 -2.46702371678894025e+02 -2.48409160241119196e+02 -2.47049213838960668e+02 -2.44881084126288556e+02 -2.46702440680991288e+02 -2.44328230567553760e+02 -2.45419528259697813e+02 -2.44552679903606105e+02 -2.46061780109547669e+02 -2.48409160241092167e+02 -2.45419459256420623e+02 -2.45119769143182452e+02 -2.47049419280890874e+02 -2.44552816341735536e+02 -2.46569929324076156e+02 -2.45720153097616134e+02 -2.45275512471977180e+02 -2.44990803875844392e+02
custom
2.00000000000000011e-01 3.00000000000000000e+00
2.00000000000000011e-01 3.00000000000000000e+00
TASMANIAN SG end
