TASMANIAN SG 4.0
WARNING: do not edit this manually
localpolynomial
2 1 1 3
localp
1 2 29 0 0 0 1 0 2 0 3 0 4 0 5 0 6 0 7 0 8 1 0 1 1 1 2 1 3 1 4 2 0 2 1 2 2 2 3 2 4 3 0 3 1 3 2 4 0 4 1 4 2 5 0 6 0 7 0 8 0
1  -3.33298674614120216e+02 -1.64420740772294494e+00 4.73133587156894464e-01 3.52301922084222952e-01 4.45072147317659983e-02 1.81404873768826747e-01 3.56292957537789334e-02 1.50826784054629570e-02 7.73961941382594887e-03 -1.64420740532227683e+00 -1.00580940838045763e+00 2.04552458103421486e-01 2.83151180745306874e-01 1.66910909078410441e-02 4.73070288115479798e-01 2.04552459166677636e-01 -2.96775580170560715e-02 -6.07979279415928886e-02 -3.24980162088195357e-03 3.52301923427603469e-01 2.83151180624827248e-01 -6.07979277607455515e-02 4.43702446194151889e-02 1.66910903465407046e-02 -3.24980152223020013e-03 1.81404873836640945e-01 3.56292831897917495e-02 1.49928630503382010e-02 7.74623688454312287e-03
0
0
1 0
0 4 5 6 8 10 10 10 10 10 13 14 15 15 15 18 19 20 20 20 24 24 24 28 28 28 28 28 28 28
9 14 1 2 3 4 5 6 7 8 19 10 11 12 13 22 15 16 17 18 25 26 20 21 27 28 23 24
1 29 1 -3.33298674614120216e+02 -3.34942882021843161e+02 -3.32825541026963322e+02 -3.33768476395897437e+02 -3.33017600605810003e+02 -3.34174274335101529e+02 -3.33497946209255019e+02 -3.33143054931559618e+02 -3.32913831196972865e+02 -3.34942882019442493e+02 -3.37592898835545896e+02 -3.34265195974182177e+02 -3.35632437324664693e+02 -3.34542840691172728e+02 -3.32825604326004736e+02 -3.34265259274561004e+02 -3.32382148296864898e+02 -3.33253927806140268e+02 -3.32562618898323933e+02 -3.33768476393353751e+02 -3.35632437324642069e+02 -3.33253864504905891e+02 -3.33017769225443089e+02 -3.34543009313236155e+02 -3.32562724218816925e+02 -3.34174274332561481e+02 -3.33497946220547192e+02 -3.33143229056731343e+02 -3.32913940538839313e+02
custom
2.00000000000000011e-01 3.00000000000000000e+00
2.00000000000000011e-01 3.00000000000000000e+00
TASMANIAN SG end
