TASMANIAN SG 4.0
WARNING: do not edit this manually
localpolynomial
2 1 1 3
localp
1 2 29 0 0 0 1 0 2 0 3 0 4 0 5 0 6 0 7 0 8 1 0 1 1 1 2 1 3 1 4 2 0 2 1 2 2 2 3 2 4 3 0 3 1 3 2 4 0 4 1 4 2 5 0 6 0 7 0 8 0
1  -5.69436770795051984e+02 -5.09500518178583661e-01 1.58227802923079253e-01 1.05334000667198779e-01 1.42832220675472854e-02 4.95595727312547751e-02 1.09647474527037048e-02 4.51681418235239107e-03 2.61827806605197111e-03 -5.09500516248522217e-01 -2.81301259625024613e-01 6.54507283464909051e-02 6.56712225359115109e-02 5.97500590407662457e-03 1.58193394028103285e-01 6.54507285582894838e-02 -1.15156125722251090e-02 -1.95242481850073091e-02 -1.42495314690904706e-03 1.05334001668666133e-01 6.56712225082287659e-02 -1.95242481443642646e-02 1.42508902162035156e-02 5.97500588696675550e-03 -1.42495311979473627e-03 4.95595727497857297e-02 1.09647451212140368e-02 4.50984969791079493e-03 2.61391076935524325e-03
0
0
1 0
0 4 5 6 8 10 10 10 10 10 13 14 15 15 15 18 19 20 20 20 24 24 24 28 28 28 28 28 28 28
9 14 1 2 3 4 5 6 7 8 19 10 11 12 13 22 15 16 17 18 25 26 20 21 27 28 23 24
1 29 1 -5.69436770795051984e+02 -5.69946271313230568e+02 -5.69278542992128905e+02 -5.69586187053474077e+02 -5.69343373671522954e+02 -5.69716669610621125e+02 -5.69500514176810384e+02 -5.69385555419105003e+02 -5.69308340053759821e+02 -5.69946271311300507e+02 -5.70737073089104115e+02 -5.69722592780030936e+02 -5.70170666976999200e+02 -5.69814173817694154e+02 -5.69278577401023881e+02 -5.69722627190644175e+02 -5.69131865210673027e+02 -5.69414792543351837e+02 -5.69192363036927873e+02 -5.69586187051507522e+02 -5.70170666976990447e+02 -5.69414758132555562e+02 -5.69343423207821729e+02 -5.69814223355834201e+02 -5.69192378164304500e+02 -5.69716669608654342e+02 -5.69500514178158483e+02 -5.69385587151738946e+02 -5.69308386393653336e+02
custom
2.00000000000000011e-01 3.00000000000000000e+00
2.00000000000000011e-01 3.00000000000000000e+00
TASMANIAN SG end
