TASMANIAN SG 4.0
WARNING: do not edit this manually
localpolynomial
2 1 1 3
localp
1 2 29 0 0 0 1 0 2 0 3 0 4 0 5 0 6 0 7 0 8 1 0 1 1 1 2 1 3 1 4 2 0 2 1 2 2 2 3 2 4 3 0 3 1 3 2 4 0 4 1 4 2 5 0 6 0 7 0 8 0
1  -1.35671018804229391e+02 -2.63005066796608844e+00 7.30465474278929605e-01 5.66339274320370123e-01 6.90093391228288056e-02 3.04829876002258970e-01 5.77422512059229120e-02 2.39986171420980554e-02 1.19495557771926997e-02 -2.63005066811658139e+00 -1.66531810344835662e+00 3.25890738214411613e-01 5.08013985634178766e-01 2.58051567978156982e-02 7.30390885294070813e-01 3.25890738650798539e-01 -4.13859087808248205e-02 -9.09491642983653037e-02 -3.51626339643473784e-03 5.66339274493316225e-01 5.08013985418173775e-01 -9.09491647913540646e-02 6.88035291233575208e-02 2.58051564585173310e-02 -3.51626325047504906e-03 3.04829876116315290e-01 5.77422267507472498e-02 2.37761326546319651e-02 1.19709983848110824e-02
0
0
1 0
0 4 5 6 8 10 10 10 10 10 13 14 15 15 15 18 19 20 20 20 24 24 24 28 28 28 28 28 28 28
9 14 1 2 3 4 5 6 7 8 19 10 11 12 13 22 15 16 17 18 25 26 20 21 27 28 23 24
1 29 1 -1.35671018804229391e+02 -1.38301069472195479e+02 -1.34940553329950461e+02 -1.36419704863892065e+02 -1.35236776727967111e+02 -1.37055557292041527e+02 -1.35987619582854791e+02 -1.35429899148956139e+02 -1.35076715473181594e+02 -1.38301069472345972e+02 -1.42596438243760417e+02 -1.37244713259852631e+02 -1.39374400598098646e+02 -1.37678076870178643e+02 -1.34940627918935320e+02 -1.37244787848250610e+02 -1.34251548353437215e+02 -1.35617317773570960e+02 -1.34530595060459888e+02 -1.36419704863794379e+02 -1.39374400598066472e+02 -1.35617243185199584e+02 -1.35237019832458998e+02 -1.37678319974641170e+02 -1.34530763575820970e+02 -1.37055557291953846e+02 -1.35987619607261138e+02 -1.35430243185689534e+02 -1.35076852877312376e+02
custom
2.00000000000000011e-01 3.00000000000000000e+00
2.00000000000000011e-01 3.00000000000000000e+00
TASMANIAN SG end
