1.0000000000000000 137.5980809728265797 137.1534879876894308
2.0000000000000000 110.0697346301602408 109.6825827014410208
3.0000000000000000 88.0483173544543263 87.7388449883415262
4.0000000000000000 70.4326388116853650 70.1852894616491199
5.0000000000000000 56.3412726127909878 56.1435954993136903
6.0000000000000000 45.0691283594799188 44.9111627249242957
7.0000000000000000 36.0521765322074543 35.9259559216576179
8.0000000000000000 28.8392290066410624 28.7383831168247355
9.0000000000000000 23.0693643548707996 22.9887997901924948
10.0000000000000000 18.4538690459983172 18.3895136445879146
