 1.6000000000000001  0.2437500000000001
 1.6000000000000001  0.3312500000000003
 1.6000000000000001  0.4187500000000002
 1.6000000000000001  0.5062500000000001
 1.6000000000000001  0.5937500000000002
 1.6000000000000001  0.6812500000000001
 1.6000000000000001  0.7687500000000002
 1.6000000000000001  0.8562500000000002
 1.6000000000000001  0.9437500000000001
 1.6000000000000001  1.0312500000000000
 1.6000000000000001  1.1187500000000001
 1.6000000000000001  1.2062500000000000
 1.6000000000000001  1.2937500000000002
 1.6000000000000001  1.3812500000000001
 1.6000000000000001  1.4687500000000000
 1.6000000000000001  1.5562500000000001
 1.6000000000000001  1.6437500000000000
 1.6000000000000001  1.7312500000000002
 1.6000000000000001  1.8187500000000001
 1.6000000000000001  1.9062500000000000
 1.6000000000000001  1.9937500000000001
 1.6000000000000001  2.0812499999999998
 1.6000000000000001  2.1687500000000002
 1.6000000000000001  2.2562500000000001
 1.6000000000000001  2.3437500000000000
 1.6000000000000001  2.4312499999999999
 1.6000000000000001  2.5187499999999998
 1.6000000000000001  2.6062500000000002
 1.6000000000000001  2.6937500000000001
 1.6000000000000001  2.7812500000000000
 1.6000000000000001  2.8687499999999999
 1.6000000000000001  2.9562499999999998
 0.2000000000000002  0.2875000000000001
 0.2000000000000002  0.4625000000000001
 0.2000000000000002  0.6375000000000002
 0.2000000000000002  0.8125000000000001
 0.2000000000000002  0.9875000000000002
 0.2000000000000002  1.1625000000000001
 0.2000000000000002  1.3375000000000001
 0.2000000000000002  1.5125000000000002
 0.2000000000000002  1.6875000000000000
 0.2000000000000002  1.8625000000000000
 0.2000000000000002  2.0375000000000001
 0.2000000000000002  2.2124999999999999
 0.2000000000000002  2.3875000000000002
 0.2000000000000002  2.5625000000000000
 0.2000000000000002  2.7374999999999998
 0.2000000000000002  2.9125000000000001
 3.0000000000000000  0.2875000000000001
 3.0000000000000000  0.4625000000000001
 3.0000000000000000  0.6375000000000002
 3.0000000000000000  0.8125000000000001
 3.0000000000000000  0.9875000000000002
 3.0000000000000000  1.1625000000000001
 3.0000000000000000  1.3375000000000001
 3.0000000000000000  1.5125000000000002
 3.0000000000000000  1.6875000000000000
 3.0000000000000000  1.8625000000000000
 3.0000000000000000  2.0375000000000001
 3.0000000000000000  2.2124999999999999
 3.0000000000000000  2.3875000000000002
 3.0000000000000000  2.5625000000000000
 3.0000000000000000  2.7374999999999998
 3.0000000000000000  2.9125000000000001
 0.9000000000000001  0.3750000000000002
 0.9000000000000001  0.7250000000000001
 0.9000000000000001  1.0750000000000002
 0.9000000000000001  1.4250000000000000
 0.9000000000000001  1.7750000000000001
 0.9000000000000001  2.1250000000000000
 0.9000000000000001  2.4750000000000001
 0.9000000000000001  2.8250000000000002
 2.2999999999999998  0.3750000000000002
 2.2999999999999998  0.7250000000000001
 2.2999999999999998  1.0750000000000002
 2.2999999999999998  1.4250000000000000
 2.2999999999999998  1.7750000000000001
 2.2999999999999998  2.1250000000000000
 2.2999999999999998  2.4750000000000001
 2.2999999999999998  2.8250000000000002
 0.5500000000000003  0.5500000000000003
 0.5500000000000003  1.2500000000000000
 0.5500000000000003  1.9500000000000002
 0.5500000000000003  2.6499999999999999
 1.2500000000000000  0.5500000000000003
 1.2500000000000000  1.2500000000000000
 1.2500000000000000  1.9500000000000002
 1.2500000000000000  2.6499999999999999
 1.9500000000000002  0.5500000000000003
 1.9500000000000002  1.2500000000000000
 1.9500000000000002  1.9500000000000002
 1.9500000000000002  2.6499999999999999
 2.6499999999999999  0.5500000000000003
 2.6499999999999999  1.2500000000000000
 2.6499999999999999  1.9500000000000002
 2.6499999999999999  2.6499999999999999
 0.3750000000000002  0.9000000000000001
 0.3750000000000002  2.2999999999999998
 0.7250000000000001  0.9000000000000001
 0.7250000000000001  2.2999999999999998
 1.0750000000000002  0.9000000000000001
 1.0750000000000002  2.2999999999999998
 1.4250000000000000  0.9000000000000001
 1.4250000000000000  2.2999999999999998
 1.7750000000000001  0.9000000000000001
 1.7750000000000001  2.2999999999999998
 2.1250000000000000  0.9000000000000001
 2.1250000000000000  2.2999999999999998
 2.4750000000000001  0.9000000000000001
 2.4750000000000001  2.2999999999999998
 2.8250000000000002  0.9000000000000001
 2.8250000000000002  2.2999999999999998
 0.2875000000000001  0.2000000000000002
 0.2875000000000001  3.0000000000000000
 0.4625000000000001  0.2000000000000002
 0.4625000000000001  3.0000000000000000
 0.6375000000000002  0.2000000000000002
 0.6375000000000002  3.0000000000000000
 0.8125000000000001  0.2000000000000002
 0.8125000000000001  3.0000000000000000
 0.9875000000000002  0.2000000000000002
 0.9875000000000002  3.0000000000000000
 1.1625000000000001  0.2000000000000002
 1.1625000000000001  3.0000000000000000
 1.3375000000000001  0.2000000000000002
 1.3375000000000001  3.0000000000000000
 1.5125000000000002  0.2000000000000002
 1.5125000000000002  3.0000000000000000
 1.6875000000000000  0.2000000000000002
 1.6875000000000000  3.0000000000000000
 1.8625000000000000  0.2000000000000002
 1.8625000000000000  3.0000000000000000
 2.0375000000000001  1.6000000000000001
 2.0375000000000001  0.2000000000000002
 2.0375000000000001  3.0000000000000000
 2.2124999999999999  1.6000000000000001
 2.2124999999999999  0.2000000000000002
 2.2124999999999999  3.0000000000000000
 2.3875000000000002  1.6000000000000001
 2.3875000000000002  0.2000000000000002
 2.3875000000000002  3.0000000000000000
 2.5625000000000000  1.6000000000000001
 2.5625000000000000  0.2000000000000002
 2.5625000000000000  3.0000000000000000
 2.7374999999999998  1.6000000000000001
 2.7374999999999998  0.2000000000000002
 2.7374999999999998  3.0000000000000000
 2.9125000000000001  1.6000000000000001
 2.9125000000000001  0.2000000000000002
 2.9125000000000001  3.0000000000000000
 0.2437500000000001  1.6000000000000001
 0.3312500000000003  1.6000000000000001
 0.4187500000000002  1.6000000000000001
 0.5062500000000001  1.6000000000000001
 0.5937500000000002  1.6000000000000001
 0.6812500000000001  1.6000000000000001
 0.7687500000000002  1.6000000000000001
 0.8562500000000002  1.6000000000000001
 0.9437500000000001  1.6000000000000001
 1.0312500000000000  1.6000000000000001
 1.1187500000000001  1.6000000000000001
 1.2062500000000000  1.6000000000000001
 1.2937500000000002  1.6000000000000001
 1.3812500000000001  1.6000000000000001
 1.4687500000000000  1.6000000000000001
 1.5562500000000001  1.6000000000000001
 1.6437500000000000  1.6000000000000001
 1.7312500000000002  1.6000000000000001
