TASMANIAN SG 4.0
WARNING: do not edit this manually
localpolynomial
2 1 1 2
localp
1 2 12 0 0 0 1 0 2 0 3 0 4 1 0 1 1 1 2 2 0 2 1 2 2 3 0
1  -5.92474315143058448e+02 -4.21088949856880390e-01 1.42477237214620800e-01 6.60508812670741463e-02 1.30305912070980412e-02 -4.21088949897125531e-01 -1.83653832568893449e-01 6.22188806148642470e-02 1.33922264511056710e-01 6.22188806336225753e-02 -1.94868673114569901e-02 6.60508812798070721e-02
0
0
1 0
0 4 5 6 6 6 9 9 9 11 11 11 11
5 8 1 2 3 4 11 6 7 9 10
1 12 1 -5.92474315143058448e+02 -5.92895404092915328e+02 -5.92331837905843827e+02 -5.92618808736719870e+02 -5.92390045933244096e+02 -5.92895404092955573e+02 -5.93500146875381347e+02 -5.92690707975126088e+02 -5.92340392878547391e+02 -5.92699262947770649e+02 -5.92217402508644227e+02 -5.92618808736727260e+02
custom
2.00000000000000011e-01 3.00000000000000000e+00
2.00000000000000011e-01 3.00000000000000000e+00
TASMANIAN SG end
