TASMANIAN SG 4.0
WARNING: do not edit this manually
localpolynomial
2 1 1 2
localp
1 2 12 0 0 0 1 0 2 0 3 0 4 1 0 1 1 1 2 2 0 2 1 2 2 3 0
1  -6.10878455502800307e+02 -3.33406194338749629e-01 1.15696383291947313e-01 5.05761017855093087e-02 1.05112092580839089e-02 -3.33406194370468256e-01 -1.39668727444586693e-01 4.93471598545056622e-02 1.08202174383222882e-01 4.93471598683754564e-02 -1.62771416852365292e-02 5.05761017952863767e-02
0
0
1 0
0 4 5 6 6 6 9 9 9 11 11 11 11
5 8 1 2 3 4 11 6 7 9 10
1 12 1 -6.10878455502800307e+02 -6.11211861697139057e+02 -6.10762759119508360e+02 -6.10994582498184172e+02 -6.10810096101896193e+02 -6.11211861697170775e+02 -6.11684936618954112e+02 -6.11046818154024322e+02 -6.10770253328417084e+02 -6.11054312362887458e+02 -6.10670834086810373e+02 -6.10994582498190312e+02
custom
2.00000000000000011e-01 3.00000000000000000e+00
2.00000000000000011e-01 3.00000000000000000e+00
TASMANIAN SG end
