TASMANIAN SG 4.0
WARNING: do not edit this manually
localpolynomial
2 1 1 2
localp
1 2 12 0 0 0 1 0 2 0 3 0 4 1 0 1 1 1 2 2 0 2 1 2 2 3 0
1  -2.45493509859927030e+02 -2.11958677233019444e+00 6.03551872198352157e-01 4.27968134595943184e-01 5.66126726021423110e-02 -2.11958677253892347e+00 -1.24826148338971166e+00 2.83968353813776275e-01 5.93465427808439472e-01 2.83968353959409114e-01 -4.98321497311167150e-02 4.27968134677854550e-01
0
0
1 0
0 4 5 6 6 6 9 9 9 11 11 11 11
5 8 1 2 3 4 11 6 7 9 10
1 12 1 -2.45493509859927030e+02 -2.47613096632257225e+02 -2.44889957987728678e+02 -2.46125335111496184e+02 -2.45135121251225712e+02 -2.47613096632465954e+02 -2.50980944888185860e+02 -2.46725576406453825e+02 -2.44900044432118591e+02 -2.46735662850489376e+02 -2.44346324709651356e+02 -2.46125335111518638e+02
custom
2.00000000000000011e-01 3.00000000000000000e+00
2.00000000000000011e-01 3.00000000000000000e+00
TASMANIAN SG end
