TASMANIAN SG 4.0
WARNING: do not edit this manually
localpolynomial
2 1 1 3
localp
1 2 29 0 0 0 1 0 2 0 3 0 4 0 5 0 6 0 7 0 8 1 0 1 1 1 2 1 3 1 4 2 0 2 1 2 2 2 3 2 4 3 0 3 1 3 2 4 0 4 1 4 2 5 0 6 0 7 0 8 0
1  -4.59754922009087977e+02 -1.02870234862291454e+00 3.05664405531729244e-01 2.18062662266845564e-01 2.83963726574825159e-02 1.07954408509385757e-01 2.21643760021379421e-02 9.33747948670315964e-03 5.02812275271935505e-03 -1.02870234593797250e+00 -6.05495082469531098e-01 1.29315959751238552e-01 1.57819650733671324e-01 1.10524685539417078e-02 3.05612834259363808e-01 1.29315960296253252e-01 -2.05482683704758529e-02 -3.92746065444953274e-02 -2.44537315603565730e-03 2.18062663692080605e-01 1.57819650666510825e-01 -3.92746064451898746e-02 2.83150258161981583e-02 1.10524683259427547e-02 -2.44537309191628083e-03 1.07954408549801428e-01 2.21643695735451729e-02 9.30291672040084450e-03 5.02620573632839296e-03
0
0
1 0
0 4 5 6 8 10 10 10 10 10 13 14 15 15 15 18 19 20 20 20 24 24 24 28 28 28 28 28 28 28
9 14 1 2 3 4 5 6 7 8 19 10 11 12 13 22 15 16 17 18 25 26 20 21 27 28 23 24
1 29 1 -4.59754922009087977e+02 -4.60783624357710892e+02 -4.59449257603556248e+02 -4.60051210521132589e+02 -4.59573693433664630e+02 -4.60309463030912354e+02 -4.59880901889108202e+02 -4.59654970241889544e+02 -4.59506447395857720e+02 -4.60783624355025950e+02 -4.62417821786118395e+02 -4.60348643989742982e+02 -4.61224840757571656e+02 -4.60526685331173042e+02 -4.59449309174828613e+02 -4.60348695563155275e+02 -4.59164193037667360e+02 -4.59720214313269594e+02 -4.59280800106746540e+02 -4.60051210518364883e+02 -4.61224840757556024e+02 -4.59720162739402724e+02 -4.59573800566142097e+02 -4.60526792466290942e+02 -4.59280855667887522e+02 -4.60309463028145615e+02 -4.59880901894152885e+02 -4.59655058370894665e+02 -4.59506528664748998e+02
custom
2.00000000000000011e-01 3.00000000000000000e+00
2.00000000000000011e-01 3.00000000000000000e+00
TASMANIAN SG end
