TASMANIAN SG 4.0
WARNING: do not edit this manually
localpolynomial
2 1 1 2
localp
1 2 12 0 0 0 1 0 2 0 3 0 4 1 0 1 1 1 2 2 0 2 1 2 2 3 0
1  -3.33327619396027671e+02 -1.68636915947354282e+00 4.91392512309516860e-01 3.27701308769860589e-01 4.59492271343151515e-02 -1.68636915963861611e+00 -9.49302845893669200e-01 2.32075411315520341e-01 4.79492482752561955e-01 2.32075411424148115e-01 -4.59924095506494268e-02 3.27701308832502036e-01
0
0
1 0
0 4 5 6 6 6 9 9 9 11 11 11 11
5 8 1 2 3 4 11 6 7 9 10
1 12 1 -3.33327619396027671e+02 -3.35013988555501214e+02 -3.32836226883718155e+02 -3.33843102666994582e+02 -3.33035973912738598e+02 -3.35013988555666288e+02 -3.37649660561033500e+02 -3.34290520632041250e+02 -3.32848126913275109e+02 -3.34302420661324504e+02 -3.32402726810516242e+02 -3.33843102667014477e+02
custom
2.00000000000000011e-01 3.00000000000000000e+00
2.00000000000000011e-01 3.00000000000000000e+00
TASMANIAN SG end
