TASMANIAN SG 4.0
WARNING: do not edit this manually
localpolynomial
2 1 1 2
localp
1 2 12 0 0 0 1 0 2 0 3 0 4 1 0 1 1 1 2 2 0 2 1 2 2 3 0
1  -5.04742569774896140e+02 -8.45290284123279889e-01 2.65079204519963696e-01 1.47122264083293430e-01 2.45834748122319979e-02 -8.45290284204622822e-01 -4.17544154695235648e-01 1.22423005270832164e-01 2.53444484508293044e-01 1.22423005315795308e-01 -3.17587993546339931e-02 1.47122264111374079e-01
0
0
1 0
0 4 5 6 6 6 9 9 9 11 11 11 11
5 8 1 2 3 4 11 6 7 9 10
1 12 1 -5.04742569774896140e+02 -5.05587860059019420e+02 -5.04477490570376176e+02 -5.05018092652874486e+02 -5.04585446697823954e+02 -5.05587860059100763e+02 -5.06850694497919278e+02 -5.05200357849309967e+02 -5.04489125290387847e+02 -5.05211992569195331e+02 -5.04255804885222517e+02 -5.05018092652887049e+02
custom
2.00000000000000011e-01 3.00000000000000000e+00
2.00000000000000011e-01 3.00000000000000000e+00
TASMANIAN SG end
