TASMANIAN SG 4.0
WARNING: do not edit this manually
localpolynomial
2 1 1 2
localp
1 2 12 0 0 0 1 0 2 0 3 0 4 1 0 1 1 1 2 2 0 2 1 2 2 3 0
1  -4.03586819464822611e+02 -1.34059777095188792e+00 4.00091820455998004e-01 2.50925568997445225e-01 3.73149667292409504e-02 -1.34059777108234357e+00 -7.21944802077985059e-01 1.88481300552666653e-01 3.87600426294966383e-01 1.88481300633725368e-01 -4.13928300226302781e-02 2.50925569045364227e-01
0
0
1 0
0 4 5 6 6 6 9 9 9 11 11 11 11
5 8 1 2 3 4 11 6 7 9 10
1 12 1 -4.03586819464822611e+02 -4.04927417235774499e+02 -4.03186727644366613e+02 -4.04006192781301138e+02 -4.03349458587865342e+02 -4.04927417235904954e+02 -4.06989959808934827e+02 -4.04338844114896290e+02 -4.03199219038527644e+02 -4.04351335508845807e+02 -4.02840520048094277e+02 -4.04006192781318418e+02
custom
2.00000000000000011e-01 3.00000000000000000e+00
2.00000000000000011e-01 3.00000000000000000e+00
TASMANIAN SG end
