TASMANIAN SG 4.0
WARNING: do not edit this manually
localpolynomial
2 1 1 2
localp
1 2 12 0 0 0 1 0 2 0 3 0 4 1 0 1 1 1 2 2 0 2 1 2 2 3 0
1  -5.40702129995426958e+02 -6.70508873115977622e-01 2.15644889935447281e-01 1.12653616844113458e-01 1.99244965635898552e-02 -6.70508873180210685e-01 -3.17542317421498410e-01 9.80354383522126227e-02 2.04943059470110711e-01 9.80354383857502398e-02 -2.72584466426906147e-02 1.12653616865600270e-01
0
0
1 0
0 4 5 6 6 6 9 9 9 11 11 11 11
5 8 1 2 3 4 11 6 7 9 10
1 12 1 -5.40702129995426958e+02 -5.41372638868542936e+02 -5.40486485105491511e+02 -5.40924730815140833e+02 -5.40574383053895644e+02 -5.41372638868607169e+02 -5.42360690059144645e+02 -5.41058958540319509e+02 -5.40497186935956847e+02 -5.41069660370687075e+02 -5.40308800492664091e+02 -5.40924730815151406e+02
custom
2.00000000000000011e-01 3.00000000000000000e+00
2.00000000000000011e-01 3.00000000000000000e+00
TASMANIAN SG end
