TASMANIAN SG 4.0
WARNING: do not edit this manually
localpolynomial
1 1 1 3
localp
1 1 9 0 1 2 3 4 5 6 7 8
1  7.90992250143806697e-01 -4.41868276901585055e+00 8.85418050618073549e-01 1.22578052422560724e+00 9.04717910422908611e-02 7.37952184340164408e-01 9.12120292785540965e-02 3.18758421728864150e-02 1.54514992007446228e-02
0
0
1 0
0 2 3 4 6 8 8 8 8 8
1 2 3 4 5 6 7 8
1 9 1 7.90992250143806697e-01 -3.62769051887204430e+00 1.67641030076188025e+00 -1.92568610138511315e-01 1.32417306649513433e+00 -1.17217738016511319e+00 3.90423849281201829e-01 1.08945850049235693e+00 1.51574318282925180e+00
custom
2.00000000000000011e-01 3.00000000000000000e+00
TASMANIAN SG end
