TASMANIAN SG 4.0
WARNING: do not edit this manually
localpolynomial
2 1 1 2
localp
1 2 12 0 0 0 1 0 2 0 3 0 4 1 0 1 1 1 2 2 0 2 1 2 2 3 0
1  -1.35688679743686407e+02 -2.66177368084439081e+00 7.41494025444211502e-01 5.58913618039753146e-01 6.98537634277727193e-02 -2.66177368110814427e+00 -1.64136948798665117e+00 3.44903139842244855e-01 7.35074334759019621e-01 3.44903138423234168e-01 -5.21734295445810403e-02 5.58913618146732460e-01
0
0
1 0
0 4 5 6 6 6 9 9 9 11 11 11 11
5 8 1 2 3 4 11 6 7 9 10
1 12 1 -1.35688679743686407e+02 -1.38350453424530798e+02 -1.34947185718242196e+02 -1.36460652966068864e+02 -1.35248078967536543e+02 -1.38350453424794551e+02 -1.42653596593625593e+02 -1.37264056259508095e+02 -1.34953605408927388e+02 -1.37270475951348544e+02 -1.34264284813027757e+02 -1.36460652966093733e+02
custom
2.00000000000000011e-01 3.00000000000000000e+00
2.00000000000000011e-01 3.00000000000000000e+00
TASMANIAN SG end
