TASMANIAN SG 4.0
WARNING: do not edit this manually
localpolynomial
2 1 1 2
localp
1 2 12 0 0 0 1 0 2 0 3 0 4 1 0 1 1 1 2 2 0 2 1 2 2 3 0
1  -5.69466112494110348e+02 -5.31523093412602066e-01 1.75337605894242188e-01 8.62604816377370298e-02 1.61258766761420702e-02 -5.31523093463420082e-01 -2.41490920174896928e-01 7.82248547706103636e-02 1.65693532457453330e-01 7.82248547955077811e-02 -2.31506558457112988e-02 8.62604816541079344e-02
0
0
1 0
0 4 5 6 6 6 9 9 9 11 11 11 11
5 8 1 2 3 4 11 6 7 9 10
1 12 1 -5.69466112494110348e+02 -5.69997635587522950e+02 -5.69290774888216106e+02 -5.69645613559178855e+02 -5.69362317814487142e+02 -5.69997635587573768e+02 -5.70770649601161267e+02 -5.69744073126908916e+02 -5.69300418961652895e+02 -5.69753717200269989e+02 -5.69148232011604364e+02 -5.69645613559187950e+02
custom
2.00000000000000011e-01 3.00000000000000000e+00
2.00000000000000011e-01 3.00000000000000000e+00
TASMANIAN SG end
